1	8091118
10	351651
100	5566
1000	23
1001	18
10013	1
1002	22
1003	21
1004	15
10049	1
1005	22
1006	13
1007	12
1008	14
1009	11
101	5456
1010	14
1011	17
1012	17
1013	18
1014	16
1015	23
1016	17
1017	15
10173	2
1018	9
10187	1
1019	17
102	5126
1020	11
1021	22
10214	1
10215	1
1022	22
1023	18
1024	24
10242	1
1025	12
1026	22
1027	14
10270	1
10273	1
1028	18
10287	1
1029	16
103	5007
1030	12
1031	27
10319	1
1032	22
1033	13
1034	14
1035	10
1036	18
10364	1
1037	18
1038	18
10383	1
10389	1
1039	17
104	4964
1040	19
1041	14
10410	1
1042	19
1043	15
1044	13
10449	1
1045	12
10456	1
1046	14
10465	1
10469	1
1047	9
1048	20
1049	12
105	4757
1050	15
10508	1
1051	12
1052	14
1053	19
10539	1
1054	18
10546	1
1055	16
10559	1
1056	17
10564	1
1057	18
10575	1
1058	10
10582	1
10586	1
1059	12
10597	1
10598	1
106	4672
1060	21
10608	1
1061	19
1062	11
1063	15
1064	14
1065	19
1066	14
1067	13
1068	18
10687	1
1069	11
10690	1
10696	1
107	4528
1070	17
1071	18
1072	16
1073	17
10732	1
10734	1
10738	1
1074	10
1075	18
10759	1
1076	12
1077	14
10774	1
1078	14
10784	1
1079	14
10791	1
108	4496
1080	13
1081	15
1082	12
10829	1
1083	14
10836	1
1084	15
1085	15
10857	1
1086	17
10861	1
1087	18
1088	24
1089	17
109	4347
1090	18
1091	6
109108	1
1092	6
1093	14
1094	11
10948	1
1095	9
10956	1
1096	10
10962	1
1097	9
1098	14
10982	1
1099	10
11	321233
110	4458
1100	13
1101	15
1102	9
1103	18
1104	8
11044	1
1105	7
1106	10
1107	14
1108	13
1109	16
11095	1
111	4363
1110	14
11100	1
11102	1
1111	18
1112	13
1113	15
1114	14
1115	13
1116	10
11162	1
1117	7
1118	9
1119	17
11195	1
11199	1
112	4198
1120	15
1121	12
1122	8
1123	18
11231	1
1124	15
11240	1
1125	18
1126	13
1127	12
11274	1
1128	11
1129	10
11295	1
11299	1
113	4035
1130	12
1131	9
1132	16
11320	1
1133	13
1134	9
11349	1
1135	11
1136	10
1137	10
11376	1
1138	17
1139	13
11394	1
114	3984
1140	15
1141	13
1142	15
1143	7
1144	10
11440	1
1145	9
1146	14
11461	1
114624	1
11465	1
1147	11
1148	9
1149	18
115	4029
1150	8
115003	1
1151	13
11512	1
1152	13
11529	1
1153	5
1154	11
11546	1
1155	11
1156	8
1157	19
1158	15
1159	15
11597	1
116	3860
1160	13
116009	1
1161	9
1162	15
11621	1
11628	1
1163	5
11638	1
1164	12
11645	1
1165	16
1166	13
1167	16
11679	1
1168	8
1169	12
117	3669
1170	13
11701	1
1171	10
11712	1
1172	11
1173	14
1174	6
1175	13
11759	1
1176	14
1177	16
11778	1
1178	7
11783	1
11788	1
1179	12
11794	1
118	3714
1180	14
11806	1
1181	14
1182	9
1183	11
1184	13
1185	8
11856	1
1186	12
11862	1
1187	16
1188	16
11885	1
1189	9
11890	1
119	3531
1190	11
1191	9
1192	8
1193	10
1194	8
1195	10
1196	11
1197	8
11978	1
1198	10
11989	1
1199	13
12	295269
120	3484
1200	16
1201	13
1202	6
1203	13
1204	8
12048	1
1205	13
12053	1
1206	13
1207	10
12075	1
12079	1
1208	11
1209	16
121	3456
1210	8
121077	1
1211	11
1212	7
1213	17
1214	13
1215	15
1216	6
12166	1
1217	10
1218	9
12188	1
1219	11
122	3420
1220	21
1221	13
12213	1
12219	1
1222	12
1223	9
1224	15
1225	17
12251	1
12253	2
1226	13
1227	11
1228	7
1229	5
12293	1
12294	1
123	3277
1230	8
1231	9
12313	1
1232	6
12322	1
1233	8
1234	10
12346	1
12348	1
1235	12
1236	10
1237	9
1238	11
1239	5
123921	1
124	3361
1240	8
1241	16
124188	1
1242	13
1243	7
1244	9
1245	13
12451	1
12459	1
1246	13
12462	1
1247	11
12477	1
1248	13
1249	9
124998	1
125	3208
1250	15
12508	1
1251	9
1252	13
12529	1
1253	12
12534	1
1254	7
12549	1
1255	7
1256	5
1257	11
1258	8
1259	11
126	3203
1260	10
1261	12
1262	7
1263	8
1264	11
1265	16
12651	1
12655	1
1266	7
1267	17
1268	14
1269	9
127	3130
1270	7
1271	15
12712	1
1272	8
12726	1
1273	6
12733	1
1274	4
1275	14
1276	9
12769	1
1277	10
1278	10
1279	15
127947	1
12796	1
128	3200
1280	12
12807	1
1281	11
12817	1
1282	5
1283	13
1284	8
12840	1
1285	7
12850	1
12851	1
1286	7
12867	1
1287	11
1288	10
1289	11
12890	1
129	3107
1290	8
12901	1
1291	10
1292	12
1293	6
1294	10
1295	9
1296	1
1297	7
1298	7
1299	10
12994	1
13	311871
130	3079
1300	13
1301	7
1302	9
1303	14
1304	12
1305	8
1306	14
13065	1
1307	9
1308	8
1309	9
131	3035
1310	7
1311	3
1312	6
1313	13
1314	9
13145	1
1315	10
1316	5
13166	1
13168	1
1317	8
1318	15
1319	7
132	2887
1320	17
1321	6
1322	8
13223	1
1323	14
1324	10
1325	9
1326	7
1327	4
13278	1
1328	7
13281	1
1329	4
13298	1
133	2725
1330	11
1331	9
1332	7
1333	4
1334	7
1335	7
13353	1
1336	7
1337	5
13374	1
1338	13
1339	8
134	2767
1340	10
13407	1
1341	10
1342	8
1343	12
13436	1
1344	13
1345	7
1346	9
1347	5
1348	6
13481	1
13483	1
13486	1
1349	12
13499	2
135	2661
1350	10
1351	13
13512	1
1352	2
1353	13
1354	12
1355	14
1356	6
13569	1
1357	10
1358	6
1359	4
136	2667
1360	3
1361	9
1362	7
1363	13
13631	1
1364	10
13646	1
1365	10
1366	9
1367	14
1368	3
1369	8
137	2527
1370	9
1371	12
13715	1
1372	9
1373	5
1374	10
1375	11
13750	1
13751	1
1376	12
13763	1
1377	7
1378	7
1379	7
13793	1
138	2658
1380	6
1381	10
13815	1
1382	9
1383	11
13836	1
1384	8
1385	7
1386	11
1387	10
13876	1
1388	7
1389	9
139	2459
1390	5
1391	3
1392	4
1393	10
1394	5
1395	4
13951	1
1396	8
13961	1
13963	1
13965	1
13969	1
1397	8
1398	9
13985	1
1399	12
14	235356
140	2459
1400	9
1401	9
1402	7
1403	4
1404	6
1405	5
1406	10
1407	7
1408	4
140833	1
14086	1
1409	11
141	2477
1410	6
1411	3
1412	9
1413	6
1414	3
14143	1
1415	4
1416	12
1417	7
1418	6
1419	5
142	2301
1420	8
14205	1
1421	8
1422	8
1423	8
1424	7
1425	4
1426	11
1427	8
1428	10
1429	7
143	2375
1430	6
1431	4
1432	6
1433	3
1434	5
1435	4
1436	12
14364	1
1437	3
14379	1
1438	6
14382	1
1439	9
144	2193
1440	8
1441	6
1442	9
1443	7
1444	8
14444	1
1445	3
1446	4
1447	6
1448	10
1449	5
145	2192
1450	6
1451	9
14513	1
1452	5
1453	3
14534	1
1454	9
1455	6
1456	11
1457	8
1458	5
1459	8
146	2238
1460	9
1461	6
1462	6
14628	1
1463	4
1464	11
14642	1
14649	1
1465	4
1466	2
1467	9
1468	6
1469	7
14699	1
147	2113
1470	5
14707	1
14709	1
1471	7
14719	1
1472	7
14720	1
1473	7
14734	1
1474	5
1475	7
1476	7
1477	9
1478	5
1479	10
148	2189
1480	5
14805	1
1481	3
1482	4
1483	3
1484	9
1485	6
1486	11
14868	1
1487	6
1488	9
1489	13
14897	1
149	2162
1490	6
14903	1
1491	7
1492	5
1493	8
14939	1
1494	7
1495	6
14957	1
1496	7
1497	9
1498	6
1499	3
15	213367
150	2036
1500	4
15001	1
1501	7
15018	1
1502	7
1503	6
15039	1
1504	6
1505	10
1506	3
15067	1
15069	1
1507	8
1508	10
1509	3
151	2035
1510	11
1511	5
1512	3
1513	3
1514	7
1515	11
1516	5
1517	5
1518	8
1519	3
152	1976
1520	4
1521	5
1522	3
1523	4
1524	9
1525	7
1526	8
1527	6
1528	9
1529	8
153	2075
1530	10
1531	7
1532	6
15327	1
1533	11
1534	12
1535	7
15353	1
1536	5
1537	11
1538	6
15387	1
1539	4
15398	1
154	1946
1540	6
1541	8
1542	6
1543	10
15438	1
1544	9
1545	7
1546	6
1547	10
1548	6
1549	8
15496	1
155	1971
1550	7
1551	8
1552	7
15525	1
1553	8
1554	9
15546	1
1555	9
1556	5
15560	1
1557	7
1558	12
1559	10
156	1839
1560	10
1561	3
1562	5
1563	10
1564	4
1565	4
15658	1
1566	10
1567	4
15672	1
1569	5
157	1904
1570	5
1571	5
1572	3
1573	3
1574	10
1575	9
15756	1
1576	3
15767	1
1577	7
1578	9
1579	4
158	1802
1580	6
1581	7
15815	1
1582	10
1583	5
1584	4
1585	4
1586	5
1587	5
1588	5
1589	6
159	1875
1590	8
1591	3
1592	6
15923	2
15927	1
1593	9
1594	3
1595	7
15957	1
1596	7
1597	5
1598	6
1599	6
16	193051
160	1773
1600	7
1601	6
16011	1
1602	4
1603	3
1604	5
1605	7
1606	4
1607	2
1608	12
1609	6
161	1736
1610	9
1611	7
1612	3
16125	1
1613	6
16131	1
1614	5
1615	7
1616	7
16162	1
16165	1
1617	6
1618	8
1619	10
162	1778
1620	7
1621	5
1622	8
1623	2
1624	7
1625	9
1626	6
1627	12
1628	6
1629	9
16297	1
163	1679
1630	4
1631	9
1632	9
1633	5
1634	8
16345	1
1635	5
16350	1
1636	5
1637	4
1638	2
1639	5
164	1708
1640	3
1641	8
1642	10
1643	3
16435	1
1644	7
1645	4
1646	2
1647	7
1648	6
1649	5
16497	1
165	1710
1650	2
16501	1
1651	5
1652	3
1653	3
1654	1
1655	7
1656	4
1657	9
1658	5
16584	1
16585	1
1659	1
166	1642
1660	9
1661	8
1662	3
1663	4
16631	1
1664	3
1665	4
1666	4
16663	1
1667	6
1668	2
1669	3
167	1577
1670	10
1671	3
1672	3
1673	4
1674	3
1675	5
16752	1
1676	7
1677	9
1678	7
1679	3
168	1526
1680	8
1681	5
1682	2
1683	4
1684	4
1685	7
1686	1
1687	1
1688	10
1689	5
169	1530
1690	4
1691	5
1692	7
1693	3
16932	1
1694	3
1695	1
1696	8
16961	1
1697	6
1698	5
1699	3
17	176000
170	1529
1700	2
1701	7
1702	1
1703	3
1704	4
1705	3
1706	2
17061	1
1707	5
1708	3
1709	5
17099	1
171	1533
1710	4
1711	6
1712	4
1713	6
1714	3
1715	3
1716	1
1717	7
1718	4
17181	1
1719	4
172	1494
1720	6
1721	7
1722	5
1723	6
1724	4
1725	5
1726	2
1727	3
17274	1
1728	1
17286	1
1729	4
173	1438
1730	5
1731	4
1732	3
1733	1
17330	1
17331	1
17334	1
1734	2
1735	2
1736	6
1737	7
1738	4
17382	1
1739	3
174	1429
1740	1
1741	5
1742	5
1743	3
17430	1
17434	1
1744	3
1745	6
1746	6
1747	8
1748	7
1749	4
17499	1
175	1349
1750	5
1751	8
1752	5
1753	7
1754	4
1755	4
1756	7
1757	5
1758	9
1759	2
176	1409
1760	3
1761	9
1762	4
1763	7
1764	6
1765	5
1766	6
1767	4
17677	1
1768	2
1769	5
177	1419
1770	2
1771	3
1772	2
1773	2
1775	1
1776	2
1777	1
1778	6
1779	3
178	1344
1780	3
1781	2
1782	4
1783	2
1784	6
17841	1
1785	6
1786	4
1787	4
1788	4
1789	6
179	1442
1790	3
1791	1
1792	3
1793	3
1794	6
1795	2
1796	3
1797	2
1798	6
1799	1
18	160902
180	1321
1800	2
1801	5
1802	7
1803	3
1804	2
1805	5
1806	5
18064	1
18066	1
1807	7
1808	4
1809	5
181	1401
1810	1
1811	2
1812	5
1813	5
1814	6
1815	7
1816	5
1817	3
1818	3
1819	3
182	1311
1820	3
1821	5
1822	3
182225	1
1823	6
1824	6
1825	4
1826	4
1827	3
1828	10
1829	5
183	1269
1830	5
1831	3
1832	8
1833	7
1834	7
1835	4
1836	5
1837	5
1838	6
18389	1
1839	8
184	1252
18400	1
1841	8
1842	8
1843	3
1844	7
18440	1
1845	5
1846	4
1847	3
1849	2
185	1218
1850	6
1851	7
1852	4
1853	9
1854	3
1855	4
1856	5
18561	1
1857	4
1858	3
1859	1
186	1172
1860	7
18608	1
1861	4
1862	1
18620	1
1863	2
1864	3
1865	2
18653	1
1866	3
18668	1
1867	3
1868	5
1869	5
187	1236
18705	1
1871	4
1872	3
18722	1
1873	3
1874	6
1875	3
1876	2
1877	5
1878	4
1879	6
188	1198
1880	4
1881	6
1882	5
1883	2
1884	4
1885	5
1886	3
1887	1
18870	1
1888	3
1889	6
18896	1
189	1189
1890	4
1891	6
18916	1
1892	3
1893	4
1895	5
1896	2
1897	2
1898	4
1899	2
19	148878
190	1214
1900	3
1901	2
1902	3
1903	3
1904	2
1905	2
1906	5
1907	3
1908	6
19084	1
1909	5
191	1135
1910	1
1911	2
1912	4
1913	1
1914	2
1916	10
1917	4
1918	3
1919	3
192	1145
1920	4
1921	1
1923	1
1924	2
1925	1
1926	4
1927	2
19274	1
1928	5
1929	3
193	1160
1930	2
1931	2
1932	2
1933	3
1934	5
1935	2
1936	4
19364	1
1937	1
1938	3
1939	7
194	1133
1940	3
1941	5
1942	3
1943	4
1944	3
1945	2
1946	3
1947	3
1948	1
19480	1
1949	7
195	1168
19506	1
1951	5
1952	1
1953	4
1954	1
1955	1
1956	5
1957	3
1958	2
1959	3
196	1036
1960	2
19602	1
1961	2
1963	4
1964	1
19648	1
1965	1
1966	3
19669	1
1967	4
1968	3
1969	3
197	1073
1970	2
1971	2
1972	2
1973	3
1974	3
19749	1
1975	4
1976	3
19761	1
1977	4
1978	6
1979	6
198	1076
1981	3
19816	1
1982	2
1983	2
1984	3
19843	1
1985	4
19854	1
1986	7
1987	1
1988	1
1989	2
199	1082
1990	3
1991	6
1993	2
1994	2
1995	6
1996	4
1997	5
1998	1
1999	2
2	2073609
20	138364
200	1091
2000	3
2001	4
2002	4
2003	1
2004	5
2005	3
2006	1
20065	1
2007	5
2008	2
2009	5
201	1029
2010	2
2011	6
2012	2
2013	1
2014	1
20151	1
2016	5
20167	1
2017	2
2018	3
2019	4
202	1026
2020	5
2022	2
2023	2
2024	6
2025	1
20254	1
2026	3
2027	3
2028	3
2029	6
203	998
2030	3
2031	3
2032	3
2033	2
2034	2
2035	7
2036	2
2037	3
2038	6
2039	2
204	1007
2041	4
2042	4
2043	1
2044	4
2045	2
2046	3
2047	3
2048	1
2049	2
20490	1
205	986
2050	1
2051	3
2052	4
2053	3
2054	5
2055	2
2056	1
2057	1
2058	3
2059	8
20594	1
206	969
2060	2
2061	8
2062	1
2063	2
2064	3
2065	2
20651	1
2066	2
2067	3
2068	3
2069	2
207	963
2070	6
2071	7
2072	2
2073	3
2074	3
2075	4
2076	2
2077	3
2078	5
20780	1
2079	6
208	964
2081	5
2082	3
2083	5
2084	4
2085	1
20855	1
2086	5
2087	3
2088	2
2089	4
209	943
2090	5
2091	7
2092	4
2093	2
2094	3
2096	1
2097	3
2098	3
2099	1
21	128709
210	919
2100	3
2101	4
2102	4
2103	3
2104	2
2105	2
2106	5
2107	3
2108	3
2109	3
211	940
2110	2
2111	2
2112	3
2113	2
2114	3
2115	3
2116	3
2117	1
21178	1
2118	7
2119	3
212	963
2120	1
2122	4
2123	3
2124	1
2125	2
2126	3
2127	5
2128	3
2129	1
21296	1
213	995
2130	2
2131	3
21315	1
2132	2
2133	2
21336	1
2134	2
2135	2
2136	3
2137	4
2138	1
2139	3
214	895
2140	3
21408	1
2141	2
2142	5
2143	1
2144	3
2145	4
21450	1
2146	2
2147	1
2148	2
2149	4
215	859
2150	3
2151	6
21518	1
2152	4
2153	3
21530	1
2154	2
2155	2
2156	4
21568	1
2157	2
2158	4
216	896
21608	1
2161	2
2162	5
2163	1
2164	4
21646	1
2165	2
2166	1
2167	4
2168	2
2169	3
217	883
2170	4
2171	5
2172	2
2173	2
2174	4
21748	1
2175	2
2176	2
2177	2
2178	1
2179	3
218	855
2180	2
2181	3
2182	1
2183	5
2184	1
2185	4
21852	1
2187	2
2188	2
21886	1
2189	4
219	833
2190	1
2191	3
21916	1
2192	6
2193	5
2194	2
2195	2
2196	4
2197	4
21979	1
2198	2
2199	5
21994	1
22	119052
220	854
2200	2
2201	3
2202	2
2203	2
2204	5
2205	3
2206	2
2207	1
2208	3
2209	1
221	850
2210	4
2211	1
2212	4
2213	3
2214	4
2215	3
2216	3
2217	3
2218	3
2219	3
22196	1
222	849
2220	2
2221	3
2222	2
2223	2
2224	2
2225	3
22253	1
2226	1
22261	1
2227	4
2228	2
2229	1
223	848
2230	1
22301	1
2231	1
22310	1
2232	2
2233	1
2234	2
2235	3
2236	5
2237	1
2238	1
22380	1
2239	1
224	791
2240	3
2241	5
2242	2
2244	5
2245	4
2246	4
2247	4
2248	2
2249	3
22497	1
225	800
2250	1
2252	6
2253	3
2254	3
2255	3
2257	4
22576	1
2258	1
2259	5
226	799
2260	3
2261	1
2262	4
2263	1
2264	5
2265	3
2266	1
2267	5
22676	1
2268	2
2269	4
227	754
2270	1
2271	4
2273	3
2274	2
2276	4
2277	3
2278	2
2279	1
228	738
2280	2
2281	1
2282	1
2283	1
2284	3
2285	4
2286	3
2287	3
2288	2
2289	2
229	759
2290	1
2291	2
22917	1
2292	2
2293	2
2294	1
2295	2
2296	2
2298	2
2299	2
23	111386
230	757
2300	4
2301	2
2302	2
2303	2
2304	2
2305	2
2306	1
2307	1
2308	3
2309	2
231	746
2310	1
2311	5
2313	3
2314	2
2315	2
2316	2
2317	3
2318	2
2319	1
232	794
2320	5
2322	3
2323	1
23236	1
2324	3
2325	1
2326	1
23265	1
2327	2
2328	3
2329	3
233	725
2330	4
2331	2
23316	1
2332	2
2333	3
23335	1
2335	2
2336	3
2337	4
2338	5
2339	3
234	752
2340	2
2341	1
2342	1
2343	1
2345	2
2346	2
2347	2
23479	1
2348	1
2349	3
235	673
2350	3
2351	1
2352	2
2353	2
23530	1
2354	2
2355	1
2356	2
2358	2
2359	1
236	672
23601	1
2361	1
2362	4
23626	1
2363	5
2364	1
2365	3
23653	1
2366	2
2367	4
2368	1
2369	2
237	694
2370	6
2372	1
2373	3
2374	2
2375	4
2376	3
2377	1
23775	1
2379	2
238	711
2380	1
2381	4
23828	1
2383	5
2384	3
2385	3
2386	2
2388	2
2389	3
23897	1
239	721
2390	2
2391	1
2393	2
2394	2
23943	1
2395	1
2396	1
2397	4
2398	4
24	104234
240	721
2400	3
2401	3
2403	2
2404	2
2405	2
2406	3
2407	4
2408	2
2409	1
24090	1
241	664
2411	1
2412	1
2413	1
2414	1
2415	2
24156	1
2417	2
2418	2
2419	1
242	654
2420	1
2422	2
2423	1
2424	4
2425	1
2426	3
2427	1
2428	6
2429	2
243	689
2430	4
24300	1
2431	3
24318	1
2432	3
2433	2
2434	2
2435	7
24352	1
2436	1
2437	1
2438	1
2439	3
244	660
2440	3
2441	4
2443	2
2444	4
2445	3
2446	1
2447	1
2448	5
245	688
2450	1
2451	2
2452	3
2453	1
2454	1
2456	1
2457	1
2458	5
2459	5
246	675
2460	1
2462	4
2463	1
2464	3
2465	2
2466	1
2468	3
2469	1
247	638
2470	2
2471	2
2472	1
2473	2
2474	4
2475	4
2476	2
2477	2
2478	4
2479	1
248	613
2480	2
2481	1
2483	1
2484	1
2485	2
2486	1
2487	2
2488	1
24885	1
2489	4
249	632
2491	1
24913	1
2492	2
2494	3
2495	3
2496	2
2497	1
2499	1
25	97646
250	592
2500	2
2501	2
2503	4
2504	3
2505	3
2506	1
2508	1
2509	3
251	639
2510	2
2511	4
2512	2
2513	3
2515	1
2516	1
25169	1
2517	2
2519	1
252	563
2521	3
2522	3
2523	2
25231	1
25238	1
25245	1
2525	2
2526	2
2527	1
2528	2
253	585
2530	3
25307	1
2531	1
2532	2
2533	2
2535	1
2536	3
2537	3
2538	2
254	592
2540	1
25407	1
2541	2
2542	2
2543	2
25434	1
2544	5
2545	3
2546	1
2548	1
2549	2
255	585
2550	1
2552	2
2553	3
2554	1
2556	1
2557	2
256	569
2560	1
2561	2
2562	2
2563	1
2564	2
2565	3
2566	3
25662	1
2569	1
257	593
2571	2
2572	2
2573	2
2574	2
2575	2
25759	1
2578	2
258	556
2581	2
2582	1
2583	4
2584	4
2586	2
2587	3
2589	3
259	565
2590	3
2591	1
2592	1
2593	2
2594	2
2595	3
2596	2
2597	2
25973	1
2598	1
26	91307
260	560
2600	4
26009	1
2601	1
2603	3
2604	6
2605	1
2607	2
2608	2
2609	1
261	555
2611	2
2612	1
26134	1
2614	1
2615	3
2617	3
2618	1
2619	3
262	568
2622	2
2624	2
2625	3
2628	1
2629	2
263	524
2633	1
2634	2
2635	2
2636	1
2637	4
2638	1
2639	2
264	567
2641	2
2643	1
2644	3
2645	2
2647	1
2648	3
2649	1
265	503
26501	1
2652	1
2653	1
2654	4
2656	1
2657	2
26571	1
2658	1
2659	2
266	519
2660	3
2661	2
2664	3
2665	1
2666	6
2667	1
2668	1
2669	3
267	511
2670	3
2671	1
2672	1
2674	3
2675	1
2677	1
2678	1
2679	1
268	538
2680	2
2681	2
2683	2
2686	1
26869	1
2687	1
2688	1
2689	1
269	477
2690	3
2691	3
2692	4
2693	3
2694	2
2695	2
2696	1
2697	2
2698	1
2699	1
27	85260
270	521
2700	4
2701	2
2702	1
2703	1
2704	1
2705	1
2706	2
2707	3
271	489
2710	2
2711	3
27113	1
2712	2
2713	1
2715	1
2717	1
2718	1
2719	2
272	509
2720	3
2721	1
2722	1
2724	1
2725	3
2726	1
27266	1
2727	2
2728	2
2729	1
273	461
2731	1
2732	2
2733	3
2734	1
2735	1
2736	1
2737	1
2738	3
2739	6
274	496
2740	2
2741	2
27425	1
2743	2
2745	3
2746	2
2747	1
2748	1
2749	4
275	498
2751	1
2752	1
2753	1
2754	1
27545	1
2755	4
2756	1
2757	1
2758	2
2759	2
276	479
2760	2
2761	4
2762	3
2764	2
2766	1
2767	1
2768	1
2769	1
277	475
2771	1
2773	1
2774	2
2775	1
2776	2
2777	2
278	457
2781	1
2782	2
2783	1
2784	3
2785	2
2786	1
2788	2
2789	3
279	462
2790	4
2791	2
2796	2
2797	1
2798	2
2799	2
28	78952
280	425
2801	1
2802	2
2803	1
2804	2
2805	3
2806	2
2807	1
2808	3
2809	1
281	425
2810	1
2811	1
2813	3
2815	7
2816	2
28163	1
2817	3
2818	3
28187	1
282	452
2820	1
2823	1
2824	1
2825	2
2826	1
2828	2
283	452
28315	1
2833	1
2834	2
2835	2
2837	1
284	476
2840	1
2841	1
2842	1
2843	2
2844	1
2845	1
2846	3
2848	1
2849	2
285	444
2850	1
2851	1
2853	2
2855	1
28554	1
2856	1
2857	1
28570	1
2858	3
286	416
2860	3
2861	1
2862	1
2864	1
28640	1
2865	3
2868	1
287	437
2870	1
2872	2
2875	1
2877	2
2878	2
288	445
2881	1
2884	1
2886	2
2887	3
2888	3
289	437
2892	2
2893	2
2894	3
2895	1
2896	2
28960	1
2897	3
2898	2
29	74987
290	446
2900	1
2901	2
2902	2
29038	1
2904	1
2905	1
2906	1
2907	2
2909	1
291	427
2910	1
2911	1
2912	1
2913	2
2916	3
2917	3
29183	1
292	415
2921	2
2922	1
2923	2
2925	2
2926	1
2928	1
2929	3
293	433
2932	3
2933	4
2934	3
2935	2
2936	1
294	385
2942	2
2946	2
2947	1
2948	2
295	400
2950	2
2951	1
2952	2
2953	2
2954	2
2955	1
2956	1
2957	1
2959	3
296	398
2960	1
2961	1
2962	1
2963	3
2964	2
2965	1
2966	2
2968	1
2969	3
297	411
2970	1
2971	3
2972	2
2973	2
2975	2
2977	1
2978	1
298	392
2980	1
2983	1
2984	3
2985	1
2986	1
2988	1
299	398
2992	1
2993	5
29939	1
2994	1
2995	4
2996	2
2997	1
2998	1
2999	3
3	1169466
30	70599
300	389
3000	1
3001	2
3003	1
3004	2
3005	2
3006	1
30062	1
3008	2
3009	2
301	414
3012	1
3013	1
3015	2
3016	1
3017	1
3018	4
302	384
3020	2
3023	1
3025	2
3026	2
3027	4
3028	2
303	378
3030	3
3031	2
3032	1
3033	1
3034	2
3035	2
30356	1
3036	4
3037	1
3038	1
304	359
3040	1
3041	1
3042	1
3044	1
30440	1
3048	1
3049	1
305	389
3050	1
3052	2
3053	1
3057	2
3059	2
306	380
3060	3
3063	2
30640	1
3065	2
3066	1
3068	1
307	343
3070	1
3071	1
3074	4
3075	1
3076	2
3077	3
3079	1
308	335
3080	2
3082	1
3083	1
3086	2
3087	2
3088	1
3089	1
309	361
3091	1
3092	2
3093	1
30956	1
3096	3
3098	1
3099	2
31	66529
310	321
3101	1
3102	1
3104	2
3107	2
3108	1
3109	1
311	325
3110	1
3112	1
3113	1
3114	1
3115	3
31169	1
3119	1
312	368
3120	1
3121	4
3125	1
3126	1
3127	2
3128	2
313	344
3130	1
3131	2
3132	1
3135	1
3136	1
3139	1
314	333
3140	1
3142	1
3143	2
3144	1
3146	1
3148	2
3149	1
315	360
3154	1
3155	1
3156	2
3157	1
316	332
3160	1
3161	2
3163	1
3165	3
3166	2
3167	1
3168	2
3169	1
317	333
3170	2
3171	1
3174	1
3176	2
3177	1
3178	4
318	341
3181	3
3183	1
31835	1
3184	2
3186	1
3188	1
319	344
3190	2
3191	3
3193	1
3195	1
3196	1
3197	2
3198	2
32	63825
320	314
3200	1
3201	2
3202	1
3203	1
3204	1
3206	3
3209	1
321	323
3210	1
3211	2
3212	2
3213	2
3214	1
3215	2
3216	1
3217	2
32185	1
3219	1
322	324
3221	1
3223	2
3224	1
3225	1
3226	1
323	304
3230	1
3231	1
3232	1
32342	1
3235	1
3237	1
3239	1
324	303
3240	1
3241	2
3242	2
3243	1
3244	1
3245	1
3247	2
3249	1
325	294
3250	1
3252	1
3253	1
3257	2
32578	1
3258	1
3259	1
326	334
3260	2
3261	1
3263	1
3264	2
3265	2
32653	1
3266	1
3267	2
3269	1
327	323
3270	2
3271	2
3272	1
3273	1
3274	1
3276	1
32762	1
3277	1
3278	1
3279	1
328	302
3280	3
3281	1
3282	3
3283	3
3284	1
3285	1
3286	1
3287	1
3288	2
3289	1
32897	1
329	331
3290	2
3292	1
3294	3
3295	1
32955	1
3296	2
3297	1
3299	2
33	59636
330	308
3301	3
3304	1
33068	1
331	321
3311	1
3314	4
3315	1
3316	3
3317	1
3319	1
332	287
3321	3
3323	1
3324	1
3326	1
3327	2
333	280
3330	2
3331	2
3333	1
3334	2
3336	3
3337	2
3339	2
33397	1
334	310
3340	1
33401	1
3341	2
33418	1
3342	1
3343	1
3344	3
3346	1
3347	1
3348	1
335	306
3350	2
3354	1
3355	2
3356	3
336	309
33630	1
3366	2
3368	1
337	294
3370	1
3371	2
3372	1
3373	1
3374	3
3375	2
3376	2
3378	1
3379	1
338	287
3380	1
3381	1
3382	1
3383	1
3387	1
339	281
3391	1
3392	1
33943	1
3395	3
3396	1
3398	2
3399	1
34	55794
340	246
3400	3
34014	1
3402	1
3403	1
3405	1
3407	2
3408	4
3409	2
341	282
3410	1
3414	1
3415	1
3416	1
3419	1
342	240
3421	1
3423	2
3424	1
3426	2
3428	1
343	271
3430	1
34320	1
3433	1
3437	1
3438	1
34381	1
3439	3
344	258
3440	2
34400	1
3444	2
3447	2
3448	1
3449	1
345	279
3451	1
3452	1
3453	1
3455	1
3456	1
3459	3
346	279
3461	1
34620	1
3464	1
3466	1
3467	1
3468	1
3469	1
347	259
3470	1
3473	1
3474	2
3475	2
3476	1
3477	1
34779	1
3478	5
3479	1
348	283
3481	1
3483	1
3486	1
3487	1
349	242
3490	1
3491	3
34918	1
3493	4
3494	1
3495	2
3499	1
35	52457
350	277
3501	1
3506	1
3509	1
35095	1
351	267
3510	3
3512	1
3513	1
3514	2
3515	1
3516	1
3517	3
3518	1
3519	1
352	255
3522	1
3524	1
3525	1
3526	1
3527	1
353	253
3531	1
3532	2
3534	1
3538	1
354	279
3543	1
3547	2
35494	1
355	245
3550	1
3552	1
3558	2
356	270
3560	2
3564	2
3566	2
3567	1
3569	1
357	256
3570	1
3571	1
3573	1
3574	1
3575	1
35758	1
358	256
3580	1
3581	2
3582	3
3584	1
3585	1
3586	2
3587	2
3589	1
359	228
3592	1
3596	1
3598	1
3599	2
36	49007
360	266
3600	2
3603	1
3608	3
3609	1
361	222
3612	1
3614	3
3615	7
3617	1
3619	1
362	263
3620	1
3625	1
3626	1
3629	1
363	230
3631	2
3634	3
3636	2
364	246
3640	1
3641	2
3642	1
3643	1
3644	1
3646	1
3649	2
36495	1
365	228
3652	1
3654	1
3655	1
3658	1
366	226
3665	1
3666	2
3667	2
367	230
3670	1
36700	1
3671	1
3672	2
3673	1
3676	1
3677	1
3678	1
3679	1
368	226
3682	1
3683	1
3685	1
3686	1
3687	2
3689	1
369	251
3690	1
3692	2
3694	2
3698	1
37	46836
370	249
3700	1
3701	1
3707	2
371	225
3710	1
3711	1
3713	2
37157	1
3716	1
3718	1
3719	2
372	239
3720	2
3722	1
3723	1
3724	1
3725	1
373	206
3730	1
3733	1
3734	1
3736	1
3737	1
374	240
3741	1
3742	1
3743	2
3746	1
3748	2
375	200
3753	1
3754	2
3758	1
3759	1
376	180
3762	1
3764	1
3765	1
3766	1
3768	1
377	222
3770	2
3771	1
3772	1
3774	1
37772	1
378	213
3781	1
3789	2
379	190
3790	1
3791	1
3792	3
3793	1
3794	1
3797	1
38	44483
380	207
3800	1
3801	1
3802	1
3806	1
3809	2
381	200
3810	1
3811	1
3813	1
3815	1
3818	1
3819	1
382	217
3825	2
38279	1
3828	1
3829	2
383	199
3830	1
3833	1
3834	1
3835	4
38351	1
3839	3
384	202
3841	1
3844	1
3845	1
3849	1
385	193
3850	1
3851	1
3852	1
3853	3
3854	2
3856	1
386	197
3860	1
38616	1
3862	2
3866	3
3869	1
387	195
3871	2
3875	2
3876	1
3878	3
388	194
3880	1
3881	1
38819	1
3886	2
3889	1
389	177
3890	1
3891	1
3894	1
3895	1
3896	3
3898	1
3899	1
39	42159
390	182
3900	1
3902	1
3904	2
3906	1
3907	1
3909	1
391	172
3910	2
3911	1
3916	1
3917	1
3918	2
3919	2
392	193
3921	1
3922	3
39220	1
3923	1
3926	1
393	177
3930	1
3934	1
3936	1
39384	1
3939	1
394	182
3940	2
3942	1
3943	1
3944	2
3945	2
3946	1
3948	1
395	180
3951	1
3954	1
3955	1
3956	2
3957	1
396	199
3960	1
3964	2
3966	1
3968	1
397	183
3970	3
3972	1
397385	1
3974	1
3975	1
3976	1
3978	2
398	194
3980	1
3981	1
3982	1
3988	1
399	193
3990	1
3991	1
3993	1
3994	1
3995	2
3996	1
3997	1
3998	1
4	820717
40	39749
400	179
4000	1
4001	1
4004	1
40053	1
4007	2
4009	2
401	167
4010	1
4012	1
4014	1
4017	2
4018	1
40189	1
4019	1
402	178
4022	1
4023	1
4026	2
4028	2
403	191
4030	1
4034	1
4039	1
404	156
4040	3
4041	1
40423	1
4044	3
4045	2
40465	1
4047	1
4048	1
405	166
4050	1
4051	1
4053	1
4058	1
4059	1
406	166
4065	2
4068	1
4069	1
407	166
4073	1
4076	1
408	145
4080	1
4081	1
4083	1
4085	1
4086	1
4088	1
409	175
4090	1
4093	1
4097	1
4098	1
4099	1
41	37727
410	165
4102	1
4106	1
4107	2
4108	1
41085	1
411	162
4111	1
4112	2
4116	1
4118	2
412	155
4120	2
4123	3
413	160
4130	1
4132	2
4133	1
4135	3
4137	1
4138	1
4139	1
414	157
4140	1
4143	1
4144	1
4146	1
4147	1
4149	1
415	171
4151	1
4154	2
4155	1
41553	1
4156	1
4157	1
416	161
4161	2
4162	3
4165	2
4167	1
4168	1
4169	1
417	160
4172	1
4173	1
4174	1
4175	2
4177	1
418	183
4181	2
4185	3
4186	2
4187	1
419	131
4192	1
4193	1
4194	1
4195	2
42	36334
420	129
4200	1
4202	1
4209	2
421	144
4210	2
4211	1
4212	1
4213	1
4217	1
4218	2
4219	1
422	140
4220	1
4221	1
4223	1
4224	1
4225	3
4227	1
4228	1
4229	1
423	138
4232	1
4233	2
4237	2
4238	1
424	157
4241	1
4243	1
4244	2
4248	1
4249	2
425	170
4250	1
4251	2
4253	2
4257	1
4258	1
4259	1
426	137
4260	1
4264	2
4267	1
427	135
4271	1
42718	1
4273	2
42798	1
428	132
4283	2
4287	1
4289	1
429	151
4291	1
4296	1
43	34637
430	152
4302	2
4303	1
4304	2
4306	1
4308	1
4309	1
431	141
4310	1
4311	2
4313	1
4315	1
4317	1
4318	1
4319	1
432	156
4320	1
4321	1
4323	1
4325	2
4327	1
433	130
4334	1
4337	1
4338	1
434	145
4342	2
435	104
4350	1
4351	1
4356	1
4357	1
436	141
4362	2
4363	2
4364	1
4365	1
4368	1
4369	2
437	131
4370	2
4372	1
4378	1
438	150
4381	1
4382	1
43820	1
4384	1
4389	1
439	107
4390	2
4391	1
4392	1
4393	2
4394	1
44	32785
440	124
4401	2
4408	1
441	124
4413	1
4416	4
4418	2
442	148
4425	1
4427	1
4428	1
443	130
4430	2
4431	1
4433	1
4435	4
4439	1
444	131
4445	1
4446	1
445	154
4451	1
4455	1
4458	1
446	130
4461	1
4463	1
4464	1
4465	1
4466	1
4467	1
4468	1
447	139
4472	2
448	131
4482	1
4484	1
449	119
4490	1
4492	1
4494	1
4495	1
4497	2
4499	1
45	31090
450	124
4501	1
4503	1
4506	1
4509	1
451	132
4514	1
4516	1
4517	1
45170	1
4519	1
452	125
4521	3
4522	1
4523	1
4525	1
453	132
4530	1
4536	1
4537	1
454	115
455	134
4550	1
4551	1
4552	1
4556	1
4557	1
4558	1
456	139
4560	1
4561	1
4562	1
4565	1
4568	1
4569	1
457	136
4573	1
4574	1
45758	1
4579	1
458	140
4582	1
4584	1
4585	1
459	110
4590	1
4592	1
4595	2
4598	1
46	29806
460	123
4602	1
4604	1
4606	2
4609	1
461	124
4611	1
4613	1
4614	1
4616	1
462	124
4622	1
4623	1
4624	1
4626	1
463	130
4632	1
4634	1
464	130
4644	1
4646	1
4649	1
465	133
4653	2
4654	1
4659	1
466	110
4660	1
4663	1
4664	1
4668	2
467	127
4670	1
4673	1
4675	2
4676	1
4677	1
4678	1
468	127
4681	1
4683	1
4685	1
4687	1
4689	2
469	122
4690	1
4691	2
4699	1
47	28452
470	112
4700	1
4705	1
4706	1
4707	1
471	140
4710	2
4712	1
4716	2
472	123
4727	1
473	108
4730	1
47341	1
4738	1
474	106
47419	1
4743	1
4745	1
4746	1
4747	2
475	111
4752	1
4753	1
4757	1
4758	1
476	103
4762	1
4763	1
477	132
4776	1
478	124
4784	1
4786	1
4787	3
479	113
4790	2
4793	1
48	27440
480	137
4801	1
4803	2
4804	1
481	93
4817	2
482	114
4820	1
4822	2
4824	2
483	128
4830	2
4832	1
4835	2
4836	2
4837	1
4838	2
4839	1
484	114
4845	1
4848	1
485	127
4854	1
486	109
4862	1
4865	1
4868	1
487	110
4876	1
4879	1
488	92
4884	1
489	115
4890	1
4892	1
4894	1
4895	1
49	26099
490	105
4904	2
4908	1
491	94
4912	1
4919	1
492	92
4923	3
4925	1
4927	1
4928	1
493	102
4935	1
494	96
4942	1
4943	1
4945	1
4947	1
4948	1
49493	1
495	98
4954	1
4957	1
4959	1
496	116
4969	1
49690	1
497	90
4972	1
4973	1
4974	1
4975	2
4976	1
498	124
4983	1
4986	1
499	108
49968	1
5	654773
50	25168
500	93
5001	1
5002	1
5006	1
5007	1
5009	2
501	110
5011	1
5017	1
5018	1
5019	1
502	88
5020	1
5021	2
5023	1
5025	1
503	91
5033	1
5035	1
504	94
5041	1
5043	1
50462	1
5048	1
5049	1
505	88
5054	1
5057	3
506	78
5063	1
5066	1
507	84
5075	3
5078	1
508	100
5080	1
5081	1
5084	1
5085	1
509	83
5091	1
5093	1
5099	1
51	24239
510	88
5100	1
5102	1
5103	1
511	90
5115	2
512	81
5121	1
5122	1
5126	1
5128	1
513	83
5131	1
5133	1
5134	2
5135	1
5137	1
5139	1
514	112
5142	1
5143	1
5146	1
5149	1
515	89
5151	1
5152	1
5154	1
516	67
5160	1
5161	1
5164	1
517	112
5172	1
518	86
5183	1
5185	1
5189	1
519	98
5192	1
5193	1
5197	2
52	22986
520	88
5200	1
5203	1
521	110
5217	1
522	98
5224	1
5228	1
5229	1
523	99
5232	1
5236	3
524	85
5243	1
5244	1
5246	1
525	80
5251	1
5255	1
5257	1
526	98
5261	1
5262	1
5268	1
527	91
5273	1
5277	1
5278	1
528	82
5287	2
529	89
5291	1
5292	1
5294	1
53	21968
530	81
5303	1
531	75
5310	2
532	91
533	79
5335	1
5339	1
534	81
5344	1
5345	1
5348	1
535	100
5351	1
5352	1
5354	1
5355	1
536	84
53667	1
5367	1
5368	1
537	82
5371	1
5376	1
538	85
5380	1
5383	2
5385	2
5389	1
539	78
5392	1
5393	1
5394	1
5399	1
54	21386
540	83
5403	1
5405	1
5406	1
5409	1
541	73
5410	1
5414	1
5415	1
5418	1
542	87
5422	1
5426	1
543	89
5430	2
5432	1
5433	1
5438	1
5439	1
544	87
5441	1
5444	1
5445	1
545	61
5451	2
5455	1
546	92
5462	1
547	69
5473	1
548	79
5483	1
5489	1
549	69
5491	2
5495	1
5496	1
5498	1
5499	1
55	20565
550	78
5503	1
5505	1
5507	1
5508	1
551	84
5516	1
5517	1
5518	1
552	77
5521	1
55299	1
553	78
5530	1
55308	1
5533	1
554	65
55467	1
555	69
55515	1
55570	1
55590	1
556	98
5562	1
5568	1
557	96
5573	3
5574	1
5576	2
558	72
55834	1
5589	2
559	92
5597	1
5598	2
5599	1
56	19883
560	65
5600	1
5601	1
5602	2
56086	1
561	80
562	82
5622	1
5627	1
563	85
5632	1
564	70
5640	1
5646	1
565	67
5654	1
5657	1
566	69
5660	1
5664	1
5668	1
567	68
5676	1
568	64
5681	1
5684	1
5685	1
5686	2
569	70
5692	2
5695	1
5698	1
57	18856
570	60
5704	2
5707	1
5708	1
571	67
5711	1
572	72
5720	1
5724	1
5728	1
573	62
5730	1
5734	2
5739	1
574	73
57417	1
5744	1
575	68
5750	1
5754	1
576	69
5762	1
5767	1
577	76
5775	1
5778	1
578	67
5781	1
5787	1
579	75
5797	1
5798	1
5799	1
58	18601
580	68
5801	1
5803	1
581	60
5815	1
582	66
5826	1
583	80
5834	2
5839	1
584	69
5842	1
5845	1
5848	1
585	64
5850	1
5851	1
5855	1
5857	1
5859	1
586	56
5861	1
5865	1
587	66
5870	1
5875	1
5877	2
588	65
5884	1
5889	1
589	66
5895	1
5898	1
59	17643
590	70
5902	1
5907	1
5908	1
591	57
5919	1
592	67
593	77
5937	1
594	57
5944	1
5947	1
595	62
5950	1
5952	1
5956	2
596	69
5960	1
5961	1
5963	1
597	65
5971	1
598	64
5983	2
5985	1
5986	1
5987	1
599	65
5993	1
6	546082
60	17030
600	52
6001	1
6003	1
6005	1
601	66
6010	1
6016	2
6017	1
60176	1
602	68
6027	1
60288	1
6029	1
603	50
6034	1
604	67
6041	1
60430	1
6044	2
605	53
6052	1
6056	2
606	67
6062	1
607	60
6071	1
6077	1
608	60
6082	2
6085	1
6086	1
6089	1
609	62
6092	1
6098	1
61	16442
610	53
6100	2
6103	1
6104	1
611	43
6111	1
6115	1
6118	1
61188	1
612	79
6126	1
6129	1
613	61
6131	1
6136	3
6138	1
614	66
6146	1
615	67
616	50
617	48
6171	1
6173	1
6177	1
61789	1
6179	1
618	58
619	65
6193	1
6197	1
62	15656
620	74
6201	1
6206	1
621	53
6215	1
6218	1
622	63
6220	1
623	64
62378	1
624	57
625	61
6250	1
6252	1
6253	1
6254	1
626	55
6260	1
6262	1
62647	1
6268	1
627	52
62712	1
628	57
6283	1
629	44
6290	1
6297	1
6298	1
6299	1
63	15384
630	54
6301	2
6306	1
631	62
6318	1
6319	1
632	52
6324	2
6325	1
6327	1
633	55
6335	1
6337	1
634	54
6341	1
6342	1
6349	1
635	50
6357	1
636	50
6369	1
637	57
6373	1
6375	1
63762	1
6378	1
638	55
6383	1
6388	1
639	53
6390	1
6393	1
64	15039
640	41
641	61
6410	1
6413	1
6415	1
642	59
6420	1
6421	2
6429	1
643	49
6438	1
644	52
645	58
646	50
6464	1
647	57
6471	1
6476	1
64761	1
6477	1
648	48
6482	2
649	55
6490	1
64987	1
65	14385
650	53
6500	2
6501	2
6506	1
6507	1
651	41
6510	1
6517	1
652	50
6528	1
653	52
6536	1
6537	1
654	46
6544	1
655	50
6553	2
656	53
657	40
658	50
659	48
6590	1
6595	1
6596	1
66	13799
660	51
661	40
6612	1
6616	1
6619	1
662	58
663	51
6634	1
6635	1
6638	1
664	40
6648	1
665	46
6653	1
6658	1
666	46
6664	1
66675	1
6669	2
667	45
6672	1
6673	2
6678	1
668	50
6680	1
669	45
6697	1
6698	1
67	13428
670	51
6708	1
671	49
6713	1
672	41
6723	1
6726	1
673	70
6732	1
6733	1
674	43
675	49
676	54
6764	1
6767	1
677	54
6778	1
678	47
67808	1
6789	1
679	40
6793	1
67969	1
68	12997
680	48
6800	2
6802	1
681	53
6812	1
682	46
6822	1
68282	1
683	48
6832	2
6837	1
684	43
6848	1
685	41
6852	1
6858	1
686	45
6860	1
687	47
6872	1
6877	1
688	42
6885	1
6887	1
689	50
6895	1
69	12373
690	47
691	48
6911	1
692	49
6921	1
693	39
6935	1
6938	1
6939	2
694	49
6940	2
6945	3
695	34
6952	2
6955	1
6958	1
6959	1
696	53
697	38
698	42
6980	1
6985	1
699	44
6997	1
7	478267
70	11996
700	47
701	56
7011	1
7019	1
702	48
703	46
7035	1
704	37
7040	1
7043	1
7049	1
705	45
7053	1
7056	1
7057	1
706	38
707	53
7079	1
708	50
7080	1
7081	1
7082	1
7085	1
709	45
7099	1
71	11529
710	44
7106	1
711	41
7110	1
7114	1
7115	1
7117	1
712	38
7124	1
713	43
7132	1
714	58
7140	2
715	38
7152	1
716	51
717	42
7172	1
718	46
7183	1
7189	1
719	39
7191	1
71917	1
72	11246
720	39
7202	2
7207	1
7209	1
721	44
7211	1
72162	1
7218	2
722	46
7226	1
72275	1
7229	1
723	45
7230	2
7234	1
7236	1
724	49
7240	1
7246	2
7249	1
725	43
7251	1
7253	1
7255	1
726	38
7261	1
7262	1
7265	1
727	32
7278	1
728	44
7280	1
7283	1
7288	2
729	45
73	11050
730	43
7303	1
7305	1
7306	1
731	46
7312	1
732	37
7323	1
733	36
734	45
7348	1
735	49
7350	1
7351	1
7354	1
7357	1
736	48
7369	1
737	33
738	43
739	40
74	10623
740	35
7402	1
7409	1
741	40
7410	1
7412	1
742	49
7422	1
743	38
744	43
7445	1
745	52
7452	1
746	42
7469	1
747	33
7473	1
748	25
7486	1
749	35
75	10293
750	35
7504	1
7505	2
751	38
752	33
753	32
7531	1
7537	1
754	38
755	50
7552	1
7554	1
756	53
7560	1
757	43
7574	1
758	37
759	39
7594	1
76	10096
760	27
7600	1
761	42
7610	1
7611	1
7615	1
7616	1
762	45
7627	1
763	30
7631	1
7636	2
7638	1
764	26
765	37
766	31
767	38
7675	1
768	34
7686	1
7689	1
769	44
7692	2
7693	1
7696	1
7699	1
77	9762
770	40
7703	1
771	33
7711	1
7712	1
7714	1
7716	1
772	47
7720	1
773	40
7734	1
774	43
7745	1
775	28
776	39
777	30
7777	1
778	39
7782	1
7784	1
7786	1
7789	1
779	40
7798	1
77995	1
78	9485
780	31
7808	1
781	34
7818	1
7819	1
782	42
783	39
7832	1
7834	1
784	38
7843	1
785	33
786	31
787	36
788	29
7883	1
7886	1
7888	1
789	31
7894	1
79	9380
790	37
7901	2
7904	2
791	39
792	32
7921	1
7928	1
793	27
794	31
7940	1
7945	1
7948	2
795	38
7956	1
796	27
797	27
798	21
799	33
7990	1
7999	1
8	457142
80	9067
800	27
8000	1
8008	1
801	40
8017	1
802	37
8021	1
8025	1
803	26
8038	1
804	38
8046	1
8049	1
805	32
8051	1
8052	1
8054	1
8057	1
806	24
807	35
8073	1
808	35
8089	1
809	29
8096	1
81	8830
810	37
811	42
8119	1
812	34
813	29
814	34
8145	1
8146	1
815	21
816	22
817	27
818	30
8180	1
819	44
82	8493
820	29
8203	1
821	23
822	30
823	36
824	28
8243	1
8245	1
825	35
826	25
8269	1
827	27
8271	1
8276	1
828	33
8281	1
8283	1
829	34
8290	1
83	8329
830	22
8300	1
8303	1
831	30
8311	2
8315	1
832	27
8323	1
8325	1
833	28
834	20
8340	1
835	29
8356	1
836	31
837	26
838	19
839	37
8390	1
84	7936
840	21
8401	1
841	26
8413	1
842	21
8424	1
843	19
844	36
8442	1
845	29
846	26
847	29
848	26
8484	1
849	33
85	7829
850	22
851	36
8514	1
852	22
8521	1
8526	1
853	31
854	30
8549	1
855	20
85514	1
856	21
857	32
8573	1
858	32
859	24
8595	1
86	7506
860	29
8600	1
8609	1
861	22
8610	1
862	17
86250	1
863	21
864	24
865	30
866	30
867	26
868	35
8682	1
869	38
8692	1
87	7466
870	27
871	25
8714	1
8715	1
8717	1
872	16
87240	1
8729	1
873	25
8737	1
874	23
875	28
876	21
877	32
878	21
8780	1
879	31
8790	1
88	7243
880	20
8808	1
881	23
8816	1
882	29
8822	1
883	21
8833	1
8835	1
884	12
88440	1
885	24
8857	1
886	13
887	28
8876	1
888	33
8881	1
8887	1
889	27
89	7051
890	31
8906	1
891	27
892	25
89212	1
8929	2
893	21
8935	1
894	15
895	29
8952	1
896	20
8968	1
897	23
8970	1
8972	1
8977	1
8978	1
898	25
8989	1
899	17
8994	1
8998	1
9	402815
90	6952
900	23
901	16
9011	1
902	15
903	16
9031	1
904	28
9044	1
9046	1
905	16
9051	1
906	16
9063	1
907	21
908	21
909	10
91	6711
910	20
9100	1
911	25
912	29
9127	1
913	15
9136	1
914	27
9144	1
915	23
916	24
917	19
918	30
9184	1
9185	1
919	22
9195	1
92	6626
920	23
921	21
9214	1
922	18
923	25
9234	1
924	14
925	22
926	23
9261	1
927	24
928	19
929	32
9293	1
9295	1
9296	1
93	6334
930	25
931	25
93155	1
932	23
933	19
9338	1
934	16
9342	1
935	26
9352	1
936	19
937	22
938	17
9381	1
939	23
94	6266
940	24
9405	1
941	26
9415	1
942	15
9425	1
943	21
9431	1
9438	1
944	23
945	25
946	17
947	22
948	17
949	24
9491	1
9497	1
95	5949
950	14
951	26
9513	1
952	20
953	15
9531	1
9539	1
954	12
9540	1
955	16
9558	1
956	27
957	21
9573	1
9576	1
958	19
959	24
9594	1
96	5989
960	20
961	16
9615	1
962	24
9625	1
963	14
964	9
9640	1
965	20
966	20
9666	1
967	22
968	24
9688	1
969	15
97	5821
970	17
971	16
9718	1
972	14
973	17
9734	1
974	12
9749	1
975	16
9751	1
976	16
9768	1
977	16
9776	1
978	15
979	19
9793	1
98	5740
980	16
9802	1
9805	1
9808	1
9809	1
981	19
9816	1
982	7
9829	1
983	20
9832	1
984	17
9840	1
985	17
9853	1
9857	1
986	18
987	23
9871	1
988	23
9887	1
989	16
9899	1
99	5563
990	14
991	17
992	17
993	14
994	18
995	17
996	20
997	11
998	27
9980	1
999	16
9996	1
